0  -447.45 -127.36 301042022030466256450515226122226301104413014106130250602056310534543206202402140635114400432623565614513011433250015365663054046031613445001454355561310646640331356431461335524115155562232104554642363516352603013344431035133004052356252464635
10  -62.96 4.2 251145204143235560616055114161303656615045152130446542245622012452152450503040334463505415054102402433121010226462156626636604061003066010221226335215654526512545442312656361103446640465135454121140340456415001633305043055065664653143350020343
20  -11.72 6.4 660011140354335560616055114161303656615045153130446542245622012452152450503040334463505415054102400433126010226462156626636604061061211156266522103032166652511036402312656361103446640165135454121160340456415001633105043055035664405151516353011
30  -8.74 7.2 251145204106101245006055114161303456615045152130446542245622012452352450503040334463505415054102400433126010223462156626636604061003006010231226315215654526512545442312156361103446640645135614121140340456615001633305566246063505205151516353036
40  -1.97 9.4 430060444106101245006051114131343656615044152136426542245622012452112453553004203463505415032102402433141013226450005365663054146034332606221226335214654525562545442312156361103445640165135452121150340452415001634305046544661114064331515411336
50  -1.39 9.8 410060444106161245015255114131343656615041152130346542245652010452152353503040333635105465054122202033125010226462156626656604061023056610221226335215654556532543440312156361103416640665135454121140346456413001633305043031165664435111036155336
60  -5.49 15.4 440460445112105152112053114131303656615042152131446042245652042452152450503040334435114602452151462433125060433362155623663054044334334306261226335215654556532545442312150363103445620445135454121110040452115001633245041055005663435151014351636
70  1.65 20.8 440460445112105152112051114131343656215045152130446545255622442452142450502040334435535400452353402463121010433422155456663054034001332300221211335215654556512543442212156361103445640445135452121112340456115001633245041055005666605152016354306
80  12.69 30.0 450060455112135152112053114131346156215005152130446544255322042442140450502043334435435400455453404463121010436422155623003054046034332602221226535215654526516545442362156363003445640445136454121110340456115321630625041055005666602152016354306
90  26.73 45.2 450160155112135152112053612131346156215005152130446544255622452452154450522043334353114400432153402433161016453453155623063056044334333306261211335225050555563545646016156311103445640445135454150110340456155001653225044015005664605101016304306
100  25.66 49.6 450160155112135152112053612131346156215005152130446544255622452452154450502043334434435400432153402433151006453454155623663056044334333306221226535215054502563545646016156361103445640445135464121110340416155001653625044011005665604152016354306
110  21.87 49.6 450160155112135152112053612131346156215005152130446544255622452452154450502043334434435400432153402433151006453454155623663056044334333306221226535215054502563545646016156361103445640445135464121110340416155001653625044011005665604152016354306
120  28.37 52.8 450060155142135152212053114132346156215005152520446544250622452422154450502043304453134250232133402133125016453254156623663056064334331606261211335225654555515543466016156361103445640345135456221110340453155601633023044053005664605105016304306
130  23.94 52.8 450060155142135152212053114132346156215005152520446544250622452422154450502043304453134250232133402133125016453254156623663056064334331606261211335225654555515543466016156361103445640345135456221110340453155601633023044053005664605105016304306
140  32.02 52.8 450060155142135152212053114132346156215005152520446544250622452422154450502043304453134250232133402133125016453254156623663056064334331606261211335225654555515543466016156361103445640345135456221110340453155601633023044053005664605105016304306
150  35.20 54.4 150464155113135154432013114031346156225005152521446144250622452422154450532053304453114150232133402423134016453454155456463054046331252316261211335222000551212143446016156351103145040445134404124110346416153004633266041605065664604102010352325
160  38.55 59.2 650454150312535152462053114156346154222005152620426544246526452452145450532053304453114152621135405633121002433452155456463054024316334301421236405242050555514545446616156361103155040345136556121113536416153004633266041605065624002102026164425
170  27.85 59.2 650454150312535152462053114156346154222005152620426544246526452452145450532053304453114152621135405633121002433452155456463054024316334301421236405242050555514545446616156361103155040345136556121113536416153004633266041605065624002102026164425
180  25.09 59.2 650454150312535152462053114156346154222005152620426544246526452452145450532053304453114152621135405633121002433452155456463054024316334301421236405242050555514545446616156361103155040345136556121113536416153004633266041605065624002102026164425
190  38.22 59.6 650463156352531154432013214053356156214005152132426034245622452402144050532053004453110153232133503423026006233452156456463054004334252402231223415220000550003145446616156161103155040341132556121152340436154001630115044055043664604602060363426
200  39.14 59.6 650463156352531154432013214053356156214005152132426034245622452402144050532053004453110153232133503423026006233452156456463054004334252402231223415220000550003145446616156161103155040341132556121152340436154001630115044055043664604602060363426
210  29.48 60.4 640466150452531154432013114011306156255005152060426544244525452402454450532053403443112150232133405633521512033452154450463054046364252402261223535242000555263145443613156131106155040341122056121152336316153623630166015055046314102102016154456
220  42.77 60.4 640466150452531154432013114011306156255005152060426544244525452402454450532053403443112150232133405633521512033452154450463054046364252402261223535242000555263145443613156131106155040341122056121152336316153623630166015055046314102102016154456
230  33.32 61.2 450360155132535154432013114031255156255005150520440544246222252432454450532046304353114250232121245034151006433455156456123054546234221402661423235230000554366145446616156161101155040345132556151152336416153424630115564054043363653205050052326
240  42.88 61.2 450360155132535154432013114031255156255005150520440544246222252432454450532046304353114250232121245034151006433455156456123054546234221402661423235230000554366145446616156161101155040345132556151152336416153424630115564054043363653205050052326
250  49.41 61.2 450360155132535154432013114031255156255005150520440544246222252432454450532046304353114250232121245034151006433455156456123054546234221402661423235230000554366145446616156161101155040345132556151152336416153424630115564054043363653205050052326
260  24.68 61.2 450360155132535154432013114031255156255005150520440544246222252432454450532046304353114250232121245034151006433455156456123054546234221402661423235230000554366145446616156161101155040345132556151152336416153424630115564054043363653205050052326
270  34.87 61.2 450360155132535154432013114031255156255005150520440544246222252432454450532046304353114250232121245034151006433455156456123054546234221402661423235230000554366145446616156161101155040345132556151152336416153424630115564054043363653205050052326
280  33.43 61.2 450360155132535154432013114031255156255005150520440544246222252432454450532046304353114250232121245034151006433455156456123054546234221402661423235230000554366145446616156161101155040345132556151152336416153424630115564054043363653205050052326
290  46.73 61.2 450360155132535154432013114031255156255005150520440544246222252432454450532046304353114250232121245034151006433455156456123054546234221402661423235230000554366145446616156161101155040345132556151152336416153424630115564054043363653205050052326
300  42.65 61.2 450360155132535154432013114031255156255005150520440544246222252432454450532046304353114250232121245034151006433455156456123054546234221402661423235230000554366145446616156161101155040345132556151152336416153424630115564054043363653205050052326
